label
138.9270115259605
86.7520155236879
277.03815995623654
131.29511835922887
218.01828825282027
194.4713419041309
39.39129960785057
59.42972752126918
206.01535349049982
7.890656414890245
232.43275551634784
58.29199273708489
159.1579815891025
36.775755209100325
121.44707701189708
119.82141160227056
321.3849177285675
433.4413689312648
15.441876605237255
-13.701244458929711
213.86011589025233
126.52873002148691
363.46294769520165
245.73138862282943
143.85981721942548
205.54942276104796
63.3133662958313
42.35676582147412
271.59048292173287
11.74230538203402
158.27428448295302
25.677553122272457
270.1759821813313
74.09368423831663
99.22889498459567
255.3717231663134
86.53576708734992
236.6797886846333
59.48132658323949
128.6470420868469
73.71364923456125
84.4145002567851
312.34142828324894
262.13472099686993
247.43414213891265
255.42998984201395
2.087649582339421
61.74632456473915
154.32859364629522
40.99676587124859
220.61081454825842
26.673840974236164
275.1857160893706
263.51455762688
256.24988544218974
242.19035207026965
134.17981424392647
146.98828535308328
5.780904907903037
251.1107608798485
