label
73.09447232185767
12.265899061651819
260.17403357902964
198.41160983704705
220.22426735084179
171.7225762142059
52.624727205121054
115.73335819814346
203.30845061075553
-7.5704616341833155
214.08775305917783
-7.5704616341833155
223.60624492659426
395.0204945433766
136.90834482229266
268.66352815102124
91.37425256124408
177.69124609046025
63.32593642411547
203.9727533284326
64.19557489515284
6.899664085018563
289.00268602267255
211.23374707591248
295.000145073906
335.384832871922
37.48719445929265
110.15037663558233
299.31178979215264
-0.4847462691180269
288.86363078224207
-0.4847462691180269
235.02732544857662
421.8625576556158
131.32536325973152
261.09395725705633
90.92194108811223
91.06059955204269
51.50431954243062
216.79489056729804
19.719839868540085
117.93336312856911
36.32506102969744
36.50961318820846
146.90119337909724
59.33225622328245
41.09902411028781
43.06471031362086
118.38915967095714
211.85415663629132
146.90119337909724
211.85415663629132
13.968055212084238
66.56553111880136
37.67966302266173
180.0830509492391
6.445125389259435
100.76628775257188
58.35410201983683
71.9740272436688
1.4729384798455665
45.4750651252588
5.67117998704205
48.41721470113137
173.01394338707428
-1.1984101442372623
10.801876753330314
12.157330894302106
141.02526334920782
165.87190355833718
173.01394338707428
165.87190355833718
25.875656725007154
68.30576356418207
7.025781980006332
174.97592026308806
33.804956062533
110.96078397687386
28.056954662879342
83.88162875659171
4.7538941451797845
38.28768507308498
8.952135652376269
45.20580459704668
174.5183193096908
-4.042002863027961
14.082832418664534
15.438286559636325
149.98331202750606
162.49147764459468
174.5183193096908
162.49147764459468
22.664246620922462
77.26381224248031
10.306737645340549
153.43127534832814
30.593545958448317
113.80254439824232
31.33791032821356
80.67021865250702
