label
38.45061067336785
106.10290172036619
100.94207393259703
20.07093364046432
136.17731193661132
207.61479126608714
52.78429646936068
99.86285160094376
131.98337319579676
312.8563375276184
129.46666436983458
291.7467542963856
118.38077342231134
102.63113422751374
35.41581681981158
189.22127739101927
37.84815952287576
73.10778991201154
77.57117182578867
168.3318890245871
61.33066320489907
18.0973274412496
61.01369634999427
23.623284391210717
83.65462822175823
102.23230457804601
60.83993262054378
59.934474018341014
88.89804909898982
205.37716165880312
73.9137494746731
173.9952114063821
97.32822370111155
124.41910307731986
40.76321400792756
177.81632668980825
8.880705351724725
75.91136539766356
75.88555832984359
127.13777274854036
52.517947274013075
-7.78601361228883
52.20098041910829
28.262888397856905
98.50341560607018
81.87427987557855
50.29605989113158
51.12175808745503
93.47128419364509
175.6549113230312
98.50341560607018
137.7424041281096
101.96782770775773
163.04767822891918
52.5264299912567
147.73077605799554
12.866713986033833
75.22956407729146
50.00221727630513
153.54818574424596
41.469287041022696
17.598114470102452
41.82450434994615
12.271021144490657
124.13675525377859
68.79297272617622
54.07181603848931
40.7452820182929
151.68375530506174
189.4692172505512
124.13675525377859
122.57987049342006
182.8218594629512
154.7570871677184
16.117127387542705
228.58480781318892
42.17456731997004
76.05197183018382
40.86439226952981
224.85301371604353
5.793606495095777
14.79445665771662
10.712516189163331
97.39160203757305
148.55470666918364
45.58593830087291
-7.405047770659394
14.690531540619531
205.34398193295996
161.54578507003103
148.55470666918364
80.10390498199644
161.0643759513219
270.4425591810473
-2.002255713414458
206.82732430155963
90.46215147226914
147.909805373052
5.188711723602892
265.70122209672
