label
-7.237331075810665
31.030589021323827
-4.494784881867128
67.91489016751248
157.05055091480736
29.25238826801803
14.848718076036413
19.02476423420316
113.38152725813916
109.50019198102808
106.15098764267158
114.7863062175431
36.39611667883525
115.58626902181283
16.12791768620791
112.36710364712424
58.13630855185092
99.38387569359546
18.677350334970686
103.58612103301374
-7.537864813374984
1.0614120586925355
-10.914217295019652
27.394063543414244
179.5239005672003
59.68338954193313
-17.477701959180028
-4.991052420748742
157.69308540630104
196.14795352530197
147.00678339840584
196.14795352530197
-4.814443077431974
78.61599137329448
-1.878679587826487
53.97702005060172
79.33089095797529
141.35552229293103
-14.365329126257771
85.56375950316449
82.05856636130194
102.2056609174334
65.34919203053427
122.64864742615582
335.74633761015673
101.87607990909109
45.59479264254489
109.82841153872889
262.53372548045894
316.395281693469
244.61571541594745
316.395281693469
92.77627430495728
372.27963170937335
109.6067747710629
127.12102577694294
187.3409146594654
253.68126940233805
45.37315587487895
379.22739983924333
137.66166605957662
103.2664908293285
88.93403594348239
110.19567861309879
468.3775290167608
201.1569737096909
113.48300146019221
150.16303563636313
531.7554896805843
235.60739187148613
329.53714895641747
264.04283109564227
91.98322705482997
295.7326424749603
235.622694250473
126.60223211374466
286.0924006127894
329.4722482537071
56.993003747513484
301.5972272218524
130.07980556937582
85.44827206137629
29.163112815830008
116.18247294091817
374.13850860841956
164.7092946742595
69.28226693689052
110.01312714172367
208.52290009638057
78.85904954942892
136.0864201820523
99.72936991806019
120.22556088555828
71.26226011104974
110.30490258556682
12.249481005181277
333.10553033844695
314.50497561401517
34.05381192690922
37.96796935257923
