label
98.02730715818102
15.25120628944085
13.731280538393007
139.70744757891308
259.6841073400177
85.66324435793533
80.65068986774617
128.78634603421537
290.150434517154
263.45678672199125
259.6841073400177
250.70748216205473
56.922091954598336
269.0017295376925
105.37297666873943
70.87536934433724
142.8915152798918
219.17439294887103
-7.793155730701894
220.88000292704672
175.5875904206685
5.5740024874585075
48.86968286377559
211.80463313236422
417.6266068555756
109.85737480393152
90.37912900333859
168.40468379016363
392.74176300278384
127.56267712321483
417.6266068555756
248.39692408452885
122.72200143476337
326.69793779483734
284.5128710620006
161.1663578484829
205.39435872514306
311.46514754331884
13.524340427881603
252.3949703811373
132.61422905627234
4.7226036004625325
54.28899359751829
98.35946795252704
313.72951484789064
93.37489170129132
66.0314366338515
119.98849185996997
274.9076898140689
65.00253992672819
313.72951484789064
98.9909446163166
80.73610348971269
118.31735901406611
136.11826860780099
82.55206237061722
192.60298288911972
291.3231125142922
-12.83177261935098
78.19721933799666
108.04224947697043
68.03786500903921
222.02824853168886
125.10304160102166
144.5280406685531
275.6263095612565
38.90270019107948
58.471135397080616
182.71578459514447
92.08652049053667
138.91576239804002
-15.905692435820464
135.45797038169772
33.40886618025688
84.74044954947155
121.68649898271309
184.0892894960163
295.65997949434137
-5.112802788874298
-11.02122772186442
94.58648965487211
100.041813569116
295.80133822963444
270.34102147727697
115.33827467552936
357.5506968996328
58.4480749127522
113.11615341881384
233.00819518742807
118.65917806971218
109.72599640501628
86.76118395758218
273.7757960343167
151.4745240424641
192.17266511920596
254.42939474211468
142.34634414096317
198.56362654395173
27.967141428955657
124.81738351793317
